duration in milliseconds: 299.584
nodes: 100
edges: 265
infected: 20
max contact range: 1 20
rate of make a new contact: 1.2
rate of loose a contact: 1.25
0.00464261 0.00983272 0.0155956 0.0227281 0.0301446 0.0377533 0.0461126 0.0548232 0.0661627 0.0779412 0.0917798 0.108776 0.128715 0.152359 0.180001 0.210753 0.257696 0.355942 0.538482 2 
degree distribution:
7 6 3 6 4 2 3 5 9 6 10 1 1 2 1 7 4 6 8 10 7 1 3 3 9 8 1 6 11 4 6 10 6 3 11 16 8 5 3 3 2 4 4 11 4 2 7 7 4 1 2 10 5 12 7 1 9 7 3 3 1 6 9 2 8 7 9 6 3 1 5 3 2 6 6 9 8 1 5 2 7 5 7 8 6 3 5 3 3 8 4 3 4 6 9 5 6 10 8 7 
8 6 3 6 4 2 3 6 9 6 11 1 1 2 3 7 4 6 8 10 7 1 3 3 9 8 1 6 11 4 6 10 6 3 11 16 8 5 3 3 2 5 4 11 4 2 9 7 4 1 2 10 5 13 7 1 9 8 3 3 1 8 9 2 8 7 9 6 3 1 5 3 2 6 6 9 8 1 5 2 7 5 7 8 6 3 5 4 4 8 4 3 4 6 9 5 6 11 8 8 
8 7 3 8 5 2 3 6 10 6 11 1 1 2 3 7 4 8 8 10 7 1 3 3 9 8 1 8 11 4 7 10 7 3 11 16 8 5 3 3 2 6 4 11 4 2 9 7 4 1 2 10 5 13 8 1 9 8 3 3 1 8 9 2 9 8 10 6 3 1 5 3 3 6 6 9 10 1 5 2 7 5 7 10 6 3 5 4 5 8 4 3 4 6 9 5 6 13 8 8 
8 7 3 8 6 2 4 7 12 6 11 1 1 2 3 7 4 9 8 10 8 1 3 4 9 10 1 8 11 4 7 10 7 3 12 16 8 5 3 3 2 6 5 11 4 2 9 7 5 1 2 10 5 13 8 1 9 8 3 3 1 9 9 2 9 9 10 6 3 1 5 3 4 6 6 9 10 1 5 2 7 5 7 10 6 3 5 4 6 8 4 3 4 7 9 5 6 13 8 8 
8 7 3 8 6 2 4 7 12 6 11 1 1 2 3 7 5 9 8 10 9 1 3 4 9 10 1 8 11 4 7 10 7 3 12 16 8 5 3 3 2 7 5 12 4 2 9 7 5 1 2 10 5 13 8 1 9 8 3 3 1 10 9 2 9 9 10 6 3 1 5 4 5 6 6 9 10 1 5 2 7 6 7 10 6 3 5 4 7 8 4 3 4 7 9 5 6 14 8 10 
9 7 3 9 7 2 4 9 13 6 11 1 1 4 4 8 5 9 8 11 9 1 3 6 9 10 1 8 12 4 7 10 7 5 12 16 8 5 3 3 2 7 5 13 4 2 9 7 5 1 2 10 5 13 8 1 9 8 3 3 1 11 9 2 10 9 10 6 3 1 5 4 6 6 7 9 12 1 5 2 7 6 7 10 6 3 5 4 8 9 5 3 4 7 9 5 6 14 8 10 
9 7 3 10 8 2 5 9 13 6 11 1 1 5 5 8 8 9 8 12 10 1 3 6 9 10 1 9 12 4 7 10 8 5 13 16 8 5 3 3 2 7 5 13 4 2 9 7 5 1 2 10 5 13 8 1 9 8 3 4 1 11 9 2 10 9 10 6 3 1 5 4 7 6 8 9 13 1 5 2 7 7 7 11 6 3 5 4 9 9 5 3 4 7 9 5 6 14 8 10 
10 7 3 10 9 2 6 10 15 6 11 1 1 5 6 8 8 9 8 13 12 1 3 6 9 10 1 9 12 4 7 12 8 6 14 16 8 5 3 3 2 7 5 13 4 2 9 7 7 1 2 10 5 14 8 1 9 9 3 4 1 11 9 2 11 9 10 6 3 1 5 4 8 6 9 9 13 1 5 2 7 7 7 11 6 3 5 4 9 9 5 3 4 8 9 5 6 14 8 10 
11 7 3 10 9 2 6 10 15 6 11 1 1 5 8 8 9 9 8 13 12 1 3 6 9 10 1 10 13 4 7 12 8 6 15 16 8 5 3 3 2 7 7 13 4 2 9 7 7 1 2 10 5 15 8 1 9 9 3 5 1 11 9 2 12 10 10 6 3 1 5 4 9 6 9 9 13 1 5 2 8 8 7 11 6 3 5 5 9 9 5 3 4 8 9 5 6 14 8 11 
12 7 3 10 9 2 6 10 16 6 11 1 1 8 9 9 10 9 8 13 14 1 3 7 9 10 1 10 14 4 7 13 8 7 16 16 8 5 3 3 2 7 7 13 4 2 9 7 7 1 2 12 5 15 8 1 9 9 3 7 1 11 10 2 12 10 10 6 3 1 5 7 10 6 9 10 14 1 5 2 8 9 7 12 6 3 5 5 10 9 6 3 4 9 9 5 6 14 8 12 
13 7 3 10 9 2 6 10 16 6 11 1 1 8 10 9 11 10 8 13 14 1 3 10 9 11 1 10 14 4 7 13 8 8 17 16 8 5 3 3 2 7 8 13 4 2 9 7 7 1 2 12 5 16 8 1 9 9 3 8 1 11 11 2 12 10 10 6 3 1 5 8 10 6 10 10 14 1 5 2 9 9 7 13 6 3 5 6 11 9 6 3 4 11 9 5 6 14 8 12 
13 7 3 10 9 2 7 10 17 6 11 1 1 8 10 9 15 11 8 13 14 1 3 11 9 12 1 10 14 4 7 15 8 9 17 16 8 5 3 3 2 7 9 13 4 2 9 7 7 1 2 12 5 17 8 1 9 9 3 9 1 13 12 2 12 11 10 6 3 1 5 8 10 6 10 11 15 1 5 2 10 9 7 14 6 3 5 6 11 9 7 3 4 11 9 5 6 14 8 12 
14 7 3 11 9 2 8 10 17 6 11 1 1 10 10 10 15 12 8 13 14 1 3 12 9 12 1 10 14 4 7 15 9 9 19 16 8 5 3 3 2 8 9 13 4 2 9 7 7 1 2 15 5 18 8 1 9 9 3 10 1 14 12 2 12 12 10 6 3 1 5 8 10 6 10 11 15 1 5 2 10 11 7 14 6 3 5 6 11 9 8 3 4 11 9 5 6 14 8 12 
14 7 3 11 9 2 8 10 18 6 11 1 1 10 10 13 16 12 8 13 14 1 3 13 9 12 1 11 15 4 7 15 9 9 19 16 8 5 3 3 2 8 9 13 4 2 9 7 7 1 2 15 5 18 8 1 9 9 3 10 1 14 12 2 12 12 10 6 3 1 5 9 10 6 10 12 15 1 5 2 11 11 7 14 6 3 5 7 13 9 8 3 4 11 9 5 6 14 8 12 
14 7 3 11 9 2 8 10 18 6 11 1 1 10 10 13 16 14 8 13 14 1 3 13 9 13 1 11 15 4 7 17 10 10 19 16 8 5 3 3 2 8 9 13 4 2 9 7 7 1 2 15 5 18 8 1 9 9 3 10 1 16 12 2 15 12 10 6 3 1 5 9 10 6 10 13 15 1 5 2 11 11 7 14 6 3 5 8 14 9 10 3 4 11 9 5 6 15 8 12 
14 7 3 11 9 2 8 10 18 6 11 1 1 10 10 15 16 16 8 13 15 1 3 13 9 16 1 11 15 4 7 17 10 10 20 16 8 5 3 3 2 8 9 13 4 2 9 7 7 1 2 17 5 18 8 1 9 9 3 12 1 16 12 2 15 14 10 6 3 1 5 10 10 6 10 14 15 1 5 2 13 11 7 16 6 3 5 9 15 10 11 3 4 11 9 5 6 16 8 12 
17 7 3 11 9 2 11 10 18 6 11 1 1 12 10 18 17 18 8 13 15 1 3 13 9 16 1 12 15 4 7 18 11 12 20 16 8 5 3 3 2 10 10 13 4 2 9 7 7 1 2 18 5 19 8 1 9 9 3 13 1 16 12 2 16 14 10 6 3 1 5 10 10 6 10 14 15 1 5 2 15 11 7 17 6 3 5 9 16 14 12 3 4 11 9 5 6 17 8 12 
17 7 3 11 9 2 13 10 19 6 11 1 1 12 10 18 18 18 8 13 15 1 3 13 9 16 1 14 15 4 7 18 13 12 20 16 8 5 3 3 2 10 11 13 4 2 9 7 7 1 2 18 5 20 8 1 9 9 3 16 1 16 12 2 17 19 10 6 3 1 5 10 10 6 10 14 15 1 5 2 15 11 7 17 6 3 5 9 17 15 13 3 4 11 9 5 6 19 8 12 
17 7 3 11 9 2 15 10 20 6 11 1 1 13 10 18 20 18 8 13 15 1 3 13 9 16 1 16 15 4 7 18 14 12 20 16 8 5 3 3 2 12 11 13 4 2 9 7 7 1 2 18 5 20 8 1 9 9 3 18 1 16 12 2 20 20 10 6 3 1 5 10 10 6 10 14 15 1 5 2 15 11 7 20 6 3 5 12 17 15 17 3 4 11 9 5 6 20 8 12 
22 11 6 11 9 2 15 10 20 6 11 1 1 18 10 18 20 18 8 13 15 1 3 13 9 16 1 19 15 4 7 18 14 12 20 16 8 5 3 3 2 15 11 13 4 2 9 7 7 1 2 18 5 20 8 1 9 9 3 20 1 16 12 2 20 20 10 6 3 1 5 10 10 6 10 14 15 1 5 2 15 11 7 20 6 3 5 17 17 15 17 3 4 11 9 5 6 20 8 12 
