duration in milliseconds: 3127.76
nodes: 100
edges: 265
infected: 20
max contact range: 1 20
transmission rate: 1.2
rate of make a new contact: 0.03
rate of loose a contact: 1.25
death rate: 0.0004
birth rate: 2
epsilon: 0.03
0 0.0331606 0.036752 0.0462826 0.0471921 0.0514251 0.0624501 0.0968236 0.109091 0.113106 0.135591 0.155309 0.169967 0.19375 0.198224 0.234152 0.240648 0.243242 0.258412 0.275482 0.280931 0.311885 0.331995 0.368678 0.369707 0.407396 0.416755 0.439258 0.442555 0.466545 0.4754 0.483878 0.512665 0.614266 0.636953 0.699844 0.704905 0.714021 0.717917 0.78819 0.833519 0.838968 0.927566 0.933228 0.934159 0.961177 0.991341 1.00504 1.03651 1.08521 1.11346 1.26963 1.29569 1.2991 1.30873 1.31094 1.51614 1.53366 1.58323 1.68582 1.76763 1.77826 1.79791 1.86171 1.92038 1.97466 2 
20 21 22 23 24 25 26 27 28 29 30 31 32 33 34 35 36 37 38 39 40 41 42 43 44 45 46 47 48 49 50 51 52 53 54 55 56 57 58 59 60 61 62 63 64 65 66 67 68 69 70 71 72 73 74 75 76 77 78 79 80 81 82 83 84 85 85 
rejected: 1
accepted: 69
thined: 1231
degree distribution:
6 6 3 6 3 2 2 5 9 6 10 1 1 2 1 7 4 6 8 9 7 1 3 3 9 8 1 5 11 4 6 10 6 3 11 16 8 5 2 3 2 4 4 11 4 2 7 7 4 1 2 9 5 12 6 1 9 7 3 3 1 6 9 2 8 7 8 6 3 1 5 3 2 6 6 8 8 1 4 2 7 4 7 6 6 3 5 3 3 7 3 3 4 6 9 5 6 10 8 7 
6 6 2 6 3 2 2 4 9 6 7 1 1 2 1 5 4 5 8 9 7 1 2 3 9 8 1 5 10 4 5 10 6 3 10 16 8 5 2 3 2 4 4 11 4 2 7 7 4 1 2 8 4 12 6 1 8 7 3 3 1 5 8 2 7 7 7 6 3 1 4 3 2 5 6 8 7 1 4 2 6 4 7 6 6 3 5 3 3 6 3 3 4 6 9 5 6 8 8 7 
6 6 2 6 3 2 2 4 9 6 7 1 1 2 1 5 4 5 8 9 7 1 2 3 9 8 1 5 10 4 5 10 6 3 10 16 8 5 2 3 2 4 4 11 4 2 7 7 4 1 2 8 4 12 6 1 8 7 3 3 1 5 8 2 7 7 7 6 3 1 4 3 2 5 6 8 7 1 4 2 6 4 7 6 6 3 5 3 3 6 3 3 4 6 9 5 6 8 8 7 
6 6 2 6 3 2 2 4 9 6 7 1 1 2 1 5 4 5 8 9 7 1 2 3 9 8 1 5 10 4 5 9 6 2 10 16 6 5 2 3 2 4 4 11 4 2 7 7 4 1 2 8 4 12 6 1 7 6 3 3 1 5 8 2 7 6 7 6 3 1 4 3 2 5 6 8 7 1 4 2 6 4 7 5 6 3 5 3 3 6 3 3 4 6 9 5 6 8 8 7 
6 6 2 6 3 2 2 4 9 6 7 1 1 2 1 5 4 5 8 9 7 1 2 3 9 8 1 5 10 4 5 9 6 2 10 16 6 5 2 3 2 4 4 11 4 2 7 7 4 1 2 8 4 11 6 1 7 6 3 3 1 5 8 2 7 6 7 6 3 1 4 3 2 5 6 8 7 1 4 2 6 4 7 5 6 3 5 3 3 6 3 3 4 6 8 5 6 8 8 7 
6 6 2 6 3 2 2 5 9 6 7 1 1 2 2 5 4 5 8 9 7 1 2 3 9 8 1 5 10 4 5 9 6 2 10 16 6 5 2 3 2 4 4 11 4 2 7 7 4 1 2 8 4 11 6 1 7 6 3 3 1 5 8 2 7 6 7 6 3 1 4 3 2 5 6 8 7 1 4 2 6 4 7 5 6 3 5 3 3 6 3 3 4 6 8 5 6 8 8 7 
6 6 2 6 3 2 2 5 9 6 7 1 1 2 2 5 3 5 8 8 6 1 2 2 9 8 1 5 9 4 6 8 6 2 10 16 6 5 2 3 2 3 4 11 3 2 7 7 4 1 2 8 4 11 6 1 7 6 3 2 1 5 8 2 7 6 7 6 3 1 4 2 2 5 6 8 6 1 4 2 6 4 7 5 6 3 5 3 3 5 4 3 4 6 8 5 6 7 8 6 
6 6 2 6 3 2 2 5 8 6 7 1 1 2 2 5 3 5 7 8 6 1 2 1 8 8 1 6 9 4 6 8 6 2 9 16 6 5 2 3 2 3 4 10 3 2 7 7 4 1 2 8 3 10 5 1 6 7 3 2 1 5 8 2 7 6 6 5 3 1 4 2 2 5 6 8 6 1 4 2 6 4 7 5 6 3 4 3 3 5 4 3 4 6 8 5 5 7 8 6 
6 6 2 6 3 2 2 5 8 6 7 1 1 2 2 5 3 5 7 8 6 1 2 1 8 8 1 6 9 3 6 8 6 2 9 15 6 4 2 3 2 3 4 9 3 2 7 7 4 1 2 8 3 10 5 1 5 6 3 2 1 5 8 1 7 6 6 5 3 1 4 2 2 5 6 8 6 1 4 2 6 4 7 5 6 2 4 3 3 5 4 3 4 6 8 5 5 7 8 6 
6 6 2 6 3 2 2 5 7 6 7 1 1 2 2 5 3 5 6 8 6 1 2 1 8 8 1 6 9 3 6 8 6 2 9 15 6 4 2 3 2 3 4 9 3 2 7 7 4 1 2 7 3 10 5 1 5 6 3 2 1 5 8 1 6 6 6 5 3 1 4 2 2 5 6 8 6 1 4 2 6 4 7 5 6 2 4 3 3 3 4 3 4 6 8 5 5 7 8 6 
6 6 2 5 4 2 2 5 7 6 6 1 1 2 2 5 3 5 7 6 6 1 2 1 8 8 1 6 9 3 5 7 6 2 9 15 6 4 2 3 2 3 4 9 3 2 7 7 4 1 2 7 3 10 4 1 5 6 3 2 1 5 7 1 5 6 6 5 3 1 4 2 2 4 6 8 6 1 4 2 6 4 7 5 6 2 4 3 3 3 4 3 4 5 8 5 5 7 7 6 
6 6 2 4 4 2 2 5 6 5 6 1 1 2 2 5 3 6 7 6 5 1 2 1 8 8 1 6 8 3 5 8 6 2 9 15 5 3 2 3 2 3 4 9 3 2 7 7 4 1 2 7 3 10 4 1 5 6 3 1 1 6 7 1 5 6 7 5 3 0 4 2 2 4 5 7 6 1 5 2 6 4 6 5 6 2 3 4 3 3 4 3 4 5 8 5 5 7 7 7 
6 6 2 4 2 2 2 5 5 5 6 1 1 2 2 5 3 6 7 6 5 1 2 1 8 8 1 6 7 3 5 8 6 2 9 15 5 3 2 2 2 2 4 9 3 2 7 7 4 1 2 7 3 10 4 1 5 6 3 1 1 6 7 1 5 6 7 5 3 0 4 2 2 4 5 6 5 1 5 2 6 4 6 5 6 2 3 4 3 3 4 3 4 5 8 5 5 7 7 7 
6 6 2 4 2 2 2 5 5 5 6 1 1 2 2 5 3 6 7 5 5 1 2 1 8 8 1 5 8 3 5 7 6 2 9 15 4 3 2 2 2 2 4 9 3 2 6 7 3 1 2 7 3 10 4 1 5 6 3 1 1 6 8 1 5 5 7 5 3 0 4 2 2 4 5 5 5 1 5 1 6 4 6 5 6 2 2 4 3 3 4 3 4 5 8 5 5 7 7 7 
6 6 2 4 2 2 2 5 5 5 6 1 1 2 2 5 3 6 7 5 5 1 2 1 8 8 1 4 8 3 5 7 6 2 9 15 4 3 2 2 2 2 4 9 3 2 6 7 3 1 2 7 3 10 4 1 5 6 3 1 1 6 8 1 5 5 7 5 3 0 4 2 2 4 5 5 5 1 5 1 6 4 6 5 6 2 2 4 3 3 4 3 4 5 8 5 5 6 7 7 
5 6 2 4 2 2 2 5 5 5 6 1 1 2 2 4 3 6 8 5 5 1 2 1 8 8 1 4 8 3 5 7 6 2 9 15 6 3 2 2 2 2 4 9 3 2 6 7 3 1 2 7 3 10 4 1 5 6 3 2 1 6 8 1 5 5 7 5 3 1 4 2 2 3 5 5 5 1 5 1 6 4 5 5 6 3 2 4 3 2 4 3 4 5 8 5 5 6 7 6 
5 6 2 3 1 1 2 5 5 5 6 1 1 2 2 4 3 6 7 5 5 1 2 1 8 8 1 4 8 3 5 7 6 2 9 14 6 3 2 1 2 2 4 9 3 2 6 7 3 1 2 6 3 10 4 1 5 6 3 2 1 6 8 1 5 5 7 5 3 1 4 2 2 3 4 5 5 1 5 1 6 4 5 5 6 3 2 4 3 2 4 3 4 5 8 5 5 6 7 6 
5 6 2 3 1 1 2 5 5 5 6 1 1 2 2 4 3 6 7 5 5 1 2 1 8 8 1 4 8 3 5 7 6 2 9 14 6 3 2 1 2 2 4 9 3 2 6 7 3 1 2 6 3 10 4 1 5 6 3 2 1 6 8 1 5 5 7 5 3 1 4 2 2 3 4 5 5 1 5 1 6 4 5 5 6 3 2 4 3 2 4 3 4 5 8 5 5 6 7 6 
5 6 2 3 1 1 2 5 5 5 6 1 1 2 2 4 3 5 6 5 5 1 2 1 8 8 1 4 8 3 4 7 6 2 9 14 6 3 2 1 2 2 4 9 2 2 6 7 3 1 2 6 3 10 4 1 5 6 3 2 1 6 8 1 5 5 7 4 2 1 4 2 2 3 4 5 5 1 5 1 5 4 5 5 6 3 2 4 3 2 4 3 4 4 8 5 5 6 7 6 
5 5 2 3 1 1 2 5 5 4 7 1 1 2 2 4 3 5 6 4 4 1 2 1 8 8 1 4 7 3 4 7 6 2 9 12 6 3 2 1 2 2 4 8 2 2 6 7 3 1 2 6 3 9 4 1 5 6 3 2 1 5 8 1 6 4 7 5 1 1 4 2 3 3 4 4 5 1 5 1 5 4 5 5 4 3 2 4 3 2 4 2 4 3 8 5 5 6 6 6 
5 5 3 3 1 1 2 5 5 4 7 1 1 2 2 4 3 5 7 4 4 1 2 1 8 8 1 4 7 3 4 7 6 2 9 12 6 3 2 1 2 2 4 7 2 2 6 7 3 1 2 6 3 9 4 1 5 6 3 2 1 5 8 1 6 4 7 5 1 1 4 2 3 3 4 4 5 1 4 1 5 4 5 5 4 3 2 4 3 2 4 2 4 3 8 5 5 6 6 6 
0 5 5 3 3 1 1 2 5 4 5 7 1 1 2 2 4 3 5 7 4 4 1 2 1 8 8 1 4 7 3 4 7 6 2 9 12 4 3 2 1 2 2 4 7 2 2 6 7 3 1 2 5 3 9 4 1 5 6 3 1 1 6 9 1 6 5 7 5 1 1 4 2 3 4 4 4 5 1 4 1 4 4 6 5 4 3 2 4 3 2 4 2 4 3 8 5 5 6 6 6 
0 5 5 2 3 1 1 2 5 4 5 7 1 1 2 3 4 3 5 7 4 4 1 2 2 8 8 1 4 7 3 4 7 5 2 9 12 4 3 2 1 1 2 4 7 2 2 6 7 3 1 2 5 3 8 4 1 5 6 3 1 1 6 9 1 6 5 7 5 1 1 4 2 3 4 3 5 5 1 4 1 4 4 6 6 4 3 2 5 4 2 4 2 4 3 8 4 5 6 6 6 
0 5 5 2 3 1 1 2 5 3 5 7 1 1 2 3 4 3 6 6 4 4 0 3 2 8 7 1 4 6 3 4 6 5 2 7 12 4 4 3 1 1 1 3 7 1 2 6 7 3 1 2 5 2 8 4 1 5 6 3 1 1 6 8 1 6 5 7 5 1 1 4 2 3 5 3 5 5 1 4 1 4 4 6 5 4 3 2 5 4 2 4 2 4 3 8 4 5 5 6 6 
0 5 5 2 3 1 1 2 5 3 5 7 1 1 2 3 4 3 6 6 4 4 0 3 2 8 7 1 4 6 3 4 6 5 2 7 12 4 4 3 1 1 1 3 7 1 2 6 7 3 1 2 5 2 8 4 1 5 6 3 1 1 6 8 1 6 5 7 5 1 1 4 2 3 5 3 5 5 1 4 1 4 4 6 5 4 3 2 5 4 2 4 2 4 3 8 4 5 5 6 6 
0 5 5 2 3 1 1 2 5 3 4 7 1 1 2 3 3 1 5 5 4 4 0 3 2 8 7 1 4 6 3 4 6 4 3 7 12 4 3 3 1 0 1 3 7 1 2 6 7 2 1 2 4 2 8 4 1 4 6 3 1 1 6 7 1 5 5 7 5 1 1 4 2 3 5 3 5 4 1 3 1 4 4 6 5 3 3 2 4 4 2 4 2 4 3 8 4 5 4 6 6 
0 5 5 2 3 1 1 2 5 3 4 7 1 1 2 3 3 1 5 5 4 4 0 3 2 8 7 1 4 6 3 4 6 4 3 7 12 4 3 3 1 0 1 2 7 1 2 6 7 2 1 2 4 2 8 4 1 4 6 3 1 1 6 7 1 5 4 7 5 1 1 4 2 3 5 3 5 4 1 3 1 4 4 6 5 3 3 2 4 4 2 4 2 4 3 8 4 5 4 6 6 
0 5 5 2 3 1 1 2 5 2 4 7 1 1 2 3 3 1 5 3 4 4 0 3 2 7 7 1 4 7 2 4 6 4 2 7 11 4 3 3 1 0 1 2 7 1 2 6 6 2 1 2 4 2 9 4 1 3 6 3 0 1 6 7 1 6 4 7 5 1 1 4 2 3 5 3 5 3 1 3 1 4 6 5 5 3 3 2 4 4 2 4 2 4 3 8 3 5 3 6 5 
0 5 5 2 3 1 1 2 5 2 4 7 1 1 2 3 3 1 5 3 4 4 0 3 2 7 7 1 4 7 2 4 6 4 2 7 11 4 3 3 1 0 1 2 7 1 2 6 6 2 1 2 4 2 9 4 1 3 6 3 0 1 6 7 1 6 4 7 5 1 1 4 2 3 5 3 5 3 1 3 1 4 6 5 5 3 3 2 4 5 2 4 2 4 3 8 3 5 3 7 5 
0 6 5 2 3 1 1 2 5 2 4 5 1 1 2 3 2 1 5 3 4 4 0 3 2 7 7 1 4 7 2 4 6 4 1 7 9 4 3 3 1 0 1 1 6 1 2 6 6 2 1 2 4 2 9 3 1 4 6 3 0 1 6 7 1 7 4 7 5 1 1 5 2 3 5 3 5 3 1 3 1 4 5 5 5 3 3 2 4 4 3 4 2 4 3 8 3 5 3 7 5 
0 6 5 2 3 1 1 2 5 2 4 5 1 1 2 3 2 1 5 3 4 4 0 3 2 7 7 1 4 7 2 4 6 4 1 7 9 4 3 3 1 0 1 1 6 1 2 6 6 2 1 2 4 2 9 3 1 4 6 3 0 1 6 7 1 6 4 7 4 1 1 5 2 3 4 3 4 3 1 3 1 4 5 5 5 3 3 2 4 4 3 4 2 4 3 8 3 5 3 7 5 
0 6 5 2 3 1 1 2 5 2 4 5 0 1 1 3 2 1 5 3 4 4 0 3 2 7 7 1 4 7 2 4 6 4 1 7 9 4 2 3 1 0 1 1 6 1 2 5 6 2 1 2 4 2 9 3 1 4 6 3 0 1 6 7 1 6 4 7 3 1 1 5 2 3 4 3 4 3 1 4 1 4 5 4 5 3 3 2 4 4 3 3 3 4 3 7 3 5 3 7 5 
0 6 4 2 2 1 1 2 4 2 4 5 0 1 1 3 2 0 5 3 4 4 0 3 2 8 7 1 4 7 2 4 5 4 1 7 7 4 2 3 1 0 1 1 6 1 2 5 5 2 1 2 4 2 8 3 1 4 6 3 0 1 6 7 1 6 4 7 3 1 1 5 2 3 4 2 5 3 1 4 1 4 5 4 5 3 3 2 4 3 3 3 3 4 3 7 3 5 3 7 4 
0 0 6 4 2 3 1 1 1 4 2 4 5 0 1 1 3 2 0 5 3 4 4 0 3 2 6 8 1 3 5 3 3 5 4 2 6 6 3 1 2 1 0 1 1 5 1 1 5 6 1 1 2 4 2 5 2 1 3 6 2 0 1 5 5 1 7 4 7 3 2 1 5 2 2 3 1 5 3 0 4 1 4 3 3 5 3 3 1 4 3 3 4 3 4 3 7 4 6 4 7 5 
0 0 6 4 2 2 1 1 1 3 2 4 5 0 1 1 3 2 0 5 3 4 4 0 3 2 5 7 1 3 5 3 4 4 4 2 6 6 3 1 2 1 0 1 1 5 1 1 5 6 1 1 2 4 2 5 2 1 3 6 2 0 1 4 5 1 7 4 7 3 2 1 5 2 2 3 2 5 2 0 4 1 3 3 3 5 3 3 1 4 3 3 4 3 4 3 7 4 6 4 7 5 
0 0 7 4 2 1 1 2 1 3 2 4 5 0 1 1 3 2 0 4 4 4 4 1 3 2 5 6 1 4 5 3 3 4 4 2 7 5 3 1 2 0 0 1 1 5 1 1 5 6 1 1 2 4 2 4 3 1 3 6 1 0 1 4 4 1 7 4 6 3 3 1 4 2 3 3 2 4 2 0 4 1 3 3 4 5 4 2 1 4 2 4 4 3 4 3 7 4 6 4 5 5 
0 0 7 4 2 1 1 2 1 3 2 4 5 0 1 1 3 2 0 4 4 4 4 1 2 1 5 6 1 4 5 3 3 4 4 2 7 5 3 1 2 0 0 1 1 5 1 1 5 5 1 1 2 4 2 4 3 1 3 6 1 0 1 4 4 1 7 4 6 3 3 1 4 2 3 3 2 4 2 0 4 1 3 3 4 5 4 2 1 4 2 4 4 3 4 3 7 4 5 4 5 5 
0 0 7 4 2 1 1 2 1 3 2 4 5 0 1 1 3 2 0 3 4 4 4 1 2 1 5 6 1 4 5 3 3 4 4 2 7 5 3 1 2 0 0 1 1 5 1 1 5 5 1 1 2 4 2 4 3 1 3 6 1 0 1 4 4 1 7 3 6 3 3 1 4 2 3 3 2 4 2 0 4 1 3 3 4 5 4 2 1 4 2 4 4 3 4 3 7 4 5 4 5 5 
0 0 6 4 2 1 1 2 1 3 2 4 5 0 1 1 3 2 0 3 4 4 4 1 2 1 5 6 1 4 5 3 3 4 4 2 7 5 3 1 2 0 0 1 1 4 1 1 5 5 1 1 2 4 2 4 3 1 3 6 1 0 1 4 4 1 7 3 6 3 3 1 4 2 3 3 2 4 2 0 4 1 3 3 4 5 4 2 1 4 2 4 4 3 4 3 5 4 5 4 5 5 
0 0 6 5 3 1 1 2 1 3 2 5 5 0 1 1 3 3 0 3 4 4 4 1 2 1 5 6 1 4 5 2 2 5 3 2 7 4 3 1 2 0 0 1 1 4 2 1 5 4 1 1 1 3 2 4 3 1 4 6 1 0 1 4 4 1 7 3 6 3 3 1 4 2 3 3 1 4 3 0 4 1 3 3 4 6 4 2 1 4 2 4 4 3 4 3 5 4 5 3 4 6 
0 0 0 5 5 3 1 1 2 0 3 2 6 6 0 1 1 3 3 1 3 4 4 3 1 2 1 5 6 1 5 6 2 2 6 4 2 5 3 3 1 2 0 0 1 2 3 3 1 4 5 1 1 1 3 2 4 2 1 5 5 2 1 1 5 4 1 7 3 6 3 3 1 5 2 3 3 1 4 3 1 4 2 3 4 4 7 3 2 1 4 2 4 4 3 3 3 5 4 4 3 4 6 
0 0 0 5 5 3 1 1 2 0 3 2 6 6 0 1 1 3 3 1 3 4 4 2 1 2 1 5 6 1 6 6 2 2 6 4 2 5 3 3 1 2 0 0 1 2 3 3 1 4 5 1 1 1 3 2 4 2 1 5 5 2 1 1 5 4 1 7 3 6 3 3 1 5 2 3 3 1 4 3 1 4 2 3 4 4 7 3 2 1 4 2 4 4 3 3 3 5 4 4 4 3 6 
0 0 0 4 5 3 1 1 2 0 4 1 5 6 0 1 1 3 3 1 3 3 4 3 1 2 1 4 6 0 5 4 1 2 6 3 3 4 2 3 1 2 0 0 1 2 4 3 1 4 4 1 1 1 2 2 3 2 1 4 5 0 1 1 5 3 2 5 4 6 3 3 1 4 3 3 3 1 4 2 1 4 2 3 3 4 7 3 1 1 4 2 3 4 1 2 2 4 3 4 4 3 4 
0 0 0 4 5 3 1 1 2 0 4 1 5 6 0 1 1 3 3 1 3 3 4 3 1 2 1 4 6 0 5 4 1 2 6 3 3 4 2 3 1 2 0 0 1 2 4 3 1 4 3 1 1 1 3 2 3 3 1 4 5 0 1 1 5 3 2 5 4 6 3 2 1 4 3 3 3 1 4 2 1 5 2 3 3 4 7 3 1 1 4 2 3 4 1 2 3 4 3 4 4 3 4 
0 0 0 4 5 3 1 1 2 0 4 1 5 6 0 1 1 3 3 1 3 3 4 3 1 2 1 4 6 0 5 4 1 2 6 3 3 4 2 3 1 2 0 0 1 2 4 3 1 4 3 1 1 1 3 2 3 3 1 4 5 0 1 1 5 3 2 5 4 6 3 2 1 4 3 3 3 1 4 2 1 5 2 3 3 4 7 3 1 1 4 2 3 4 1 2 3 4 3 4 4 3 4 
0 0 0 4 5 3 1 1 2 0 4 1 5 6 0 1 1 3 3 1 3 3 3 3 1 2 1 4 6 0 5 4 1 2 6 3 3 4 2 3 1 2 0 0 1 2 3 3 1 3 3 1 1 1 3 2 3 3 1 4 5 0 1 1 5 3 2 5 5 6 3 2 1 4 3 3 3 1 4 2 1 5 2 3 3 4 7 3 2 1 4 2 3 4 1 2 2 4 3 4 4 3 4 
0 0 0 4 4 3 1 1 2 1 4 1 5 6 0 1 3 3 3 1 3 2 2 4 1 2 0 4 6 0 5 5 2 2 7 3 3 3 2 3 1 2 0 0 1 2 3 3 1 3 3 2 1 1 3 3 2 3 1 4 5 0 1 1 6 4 2 5 5 6 3 2 1 4 4 3 3 1 4 2 1 5 2 3 2 4 7 3 2 1 3 2 3 5 1 2 2 3 3 4 4 3 4 
0 0 0 4 4 3 1 1 2 1 4 1 4 5 0 1 3 3 2 1 3 2 2 4 1 2 0 4 5 0 5 5 2 2 7 3 3 3 2 3 1 2 0 0 1 2 3 3 1 2 3 2 1 1 3 2 2 3 1 4 5 0 1 1 6 4 2 4 5 6 3 2 1 4 4 3 3 1 4 1 1 4 2 3 2 2 7 3 1 1 3 2 3 5 1 2 2 3 3 4 4 3 4 
0 0 0 4 4 3 1 1 2 1 4 0 5 5 0 1 3 4 2 2 3 2 2 4 1 2 0 4 4 0 5 5 3 3 7 3 3 3 2 3 1 2 0 0 2 2 3 4 1 2 3 2 1 1 4 1 2 3 1 4 5 0 1 1 5 5 2 4 4 6 3 2 1 4 5 3 3 2 4 1 1 4 2 3 2 2 7 5 0 1 3 3 3 5 1 2 2 3 3 4 4 3 4 
0 0 0 4 5 3 1 1 1 0 4 0 5 5 0 1 3 4 2 2 3 2 2 4 1 2 0 3 4 0 4 4 3 2 6 3 3 3 2 3 1 2 0 0 2 2 3 4 0 2 4 2 0 2 5 1 3 3 0 3 4 0 1 1 5 5 2 4 3 6 3 2 1 3 5 4 3 2 3 1 1 3 2 3 2 2 8 5 0 1 3 3 3 4 1 3 2 2 3 4 4 3 4 
0 0 0 4 4 3 1 1 1 0 2 0 6 5 0 1 3 4 2 2 3 2 1 5 1 2 0 2 3 0 4 4 2 2 6 3 3 3 2 3 1 2 0 0 1 2 3 3 0 2 6 2 0 2 5 1 3 3 0 3 4 0 1 1 5 5 2 3 3 6 2 1 1 3 4 3 2 2 3 1 1 3 2 3 2 2 8 4 0 2 3 3 3 4 1 4 2 2 3 4 4 3 4 
0 0 0 4 4 1 0 3 1 0 2 0 5 5 1 1 2 5 3 2 3 1 0 5 0 3 0 2 4 0 3 2 1 1 6 3 3 4 2 4 3 3 0 0 1 2 2 3 0 2 5 2 0 2 6 2 2 3 0 4 4 1 1 1 3 5 1 3 4 6 2 0 1 4 4 2 2 0 3 2 1 3 1 2 2 2 8 4 0 3 2 3 3 6 1 4 1 2 3 4 4 3 5 
0 0 0 5 3 0 0 2 1 0 2 0 5 5 1 1 2 5 3 2 3 1 0 4 0 3 0 2 3 0 3 2 1 1 6 3 3 3 2 4 3 3 0 0 1 2 2 3 0 2 5 2 0 2 6 2 3 3 0 4 3 0 1 1 3 4 1 3 3 6 2 0 1 4 4 3 2 1 3 2 1 3 1 1 2 1 8 4 0 3 2 3 3 6 1 4 1 2 3 4 4 3 5 
0 0 0 5 3 0 0 2 1 0 2 0 5 5 1 1 2 5 3 2 3 1 0 4 0 3 0 2 3 0 3 2 1 1 6 3 4 3 2 4 3 3 0 0 1 2 2 3 0 2 5 2 0 2 6 2 3 3 0 4 3 0 1 1 4 4 1 3 3 6 2 0 1 4 4 3 2 1 3 2 1 3 1 1 2 1 8 4 0 3 2 3 3 6 1 4 1 2 3 4 4 3 5 
0 0 0 5 3 0 0 2 1 0 2 0 5 4 1 1 2 5 3 2 3 1 0 4 0 3 0 2 3 0 3 2 1 1 6 3 4 3 2 4 3 3 0 0 1 2 2 3 0 2 5 2 0 2 6 2 3 3 0 4 3 0 1 1 4 4 1 3 3 6 2 0 1 4 4 3 2 1 3 2 1 3 1 1 2 1 7 4 0 3 2 3 3 6 1 4 1 2 3 4 4 3 5 
0 0 0 5 3 0 0 1 1 0 2 0 5 4 1 1 2 5 3 2 3 1 0 4 0 3 0 2 3 0 3 2 1 1 6 3 4 3 2 4 3 3 0 0 1 2 2 3 0 2 5 2 0 2 6 2 3 3 0 5 3 0 1 1 4 4 1 3 3 6 2 0 1 5 4 3 2 1 3 2 1 3 1 1 2 1 7 4 0 3 2 3 3 5 1 4 1 2 3 4 4 3 5 
0 0 0 0 4 2 1 1 3 1 0 3 0 4 5 1 1 1 5 3 1 3 0 0 4 0 2 2 1 4 0 2 2 0 2 6 3 4 1 1 4 1 3 2 0 1 1 3 2 0 2 4 2 0 0 4 2 3 2 1 3 2 2 2 1 4 4 2 4 7 5 2 0 1 5 6 2 2 1 3 3 1 4 1 1 2 0 5 3 1 3 3 2 2 5 2 4 2 1 1 3 4 1 4 
0 0 0 0 4 2 1 1 2 1 0 3 0 4 5 1 1 1 5 3 1 3 0 0 4 0 2 2 0 4 0 2 2 0 2 6 3 4 1 1 4 1 3 2 0 1 1 3 2 0 2 4 2 0 1 4 2 3 2 1 3 3 2 2 1 3 4 2 4 7 5 2 0 1 5 6 2 1 1 3 3 1 4 1 1 2 0 5 3 1 3 2 1 2 5 2 4 2 1 1 3 4 1 4 
0 0 0 0 2 3 1 1 2 1 0 4 0 4 5 1 1 1 5 3 1 3 0 0 4 1 2 2 0 5 0 2 3 0 1 6 3 3 1 1 3 1 3 3 0 1 1 3 2 0 2 4 2 1 1 4 1 3 2 0 3 3 2 2 0 3 4 2 4 7 5 2 0 1 5 6 2 1 1 3 2 1 4 1 1 2 0 5 3 1 3 2 1 2 5 2 4 2 1 1 3 4 1 4 
0 0 0 0 2 2 1 1 2 0 0 2 1 4 6 1 1 2 5 3 1 1 0 1 4 1 2 1 0 5 0 2 2 1 1 6 3 4 1 1 3 1 2 3 0 1 1 3 2 2 1 4 3 0 1 2 1 4 3 0 4 3 2 1 0 3 3 2 3 7 2 2 0 1 5 4 3 1 2 3 2 1 4 1 1 2 1 4 3 1 3 2 1 3 5 2 3 2 1 2 3 3 1 5 
0 0 0 0 2 3 1 1 2 0 0 2 1 3 6 1 1 3 5 3 1 1 0 2 4 1 3 1 0 5 0 3 2 1 2 7 3 3 1 1 3 1 3 3 0 1 1 3 3 2 1 4 3 1 1 2 2 4 3 0 4 3 2 1 0 3 2 2 3 6 3 2 0 1 5 4 2 2 1 2 3 1 4 1 2 2 1 3 3 1 3 3 1 2 5 2 3 2 1 2 3 2 1 3 
0 0 0 0 2 3 1 1 2 0 0 2 1 3 6 1 1 3 5 3 1 1 1 2 4 1 3 1 0 5 0 3 2 1 2 7 4 3 1 1 3 1 3 3 0 1 1 3 3 2 1 4 3 1 1 2 2 4 3 0 4 3 2 1 0 3 2 2 3 5 3 2 0 1 4 4 2 1 1 3 3 1 4 1 2 2 1 3 3 1 3 3 1 2 4 3 3 2 1 2 3 2 1 3 
0 0 0 0 2 3 1 1 2 0 0 3 1 3 6 1 1 3 5 3 1 1 1 2 4 1 3 0 0 5 0 2 2 1 2 6 4 3 0 1 3 0 2 3 0 1 1 3 3 2 1 4 3 1 1 2 2 4 3 0 3 3 2 1 0 3 2 2 2 5 2 2 0 1 3 4 2 1 1 3 3 1 4 1 2 1 1 3 2 1 3 3 1 1 4 3 3 2 1 2 3 2 1 3 
0 0 0 0 2 3 0 1 2 0 0 3 1 3 6 1 1 4 5 3 1 1 0 2 4 1 3 0 0 6 0 2 2 1 2 5 2 3 0 1 3 0 2 3 0 1 1 3 3 2 1 4 4 1 1 3 3 3 3 0 3 3 2 1 0 3 2 2 2 5 2 2 0 1 3 3 2 1 1 2 2 1 4 1 1 1 1 3 2 1 3 3 2 1 4 2 3 2 1 2 3 1 1 3 
0 0 0 0 2 4 0 0 2 0 0 2 2 2 5 1 1 4 5 3 1 2 1 3 4 1 3 1 0 6 0 3 2 1 2 5 2 2 0 1 3 2 2 3 1 1 1 4 3 2 1 4 4 1 1 3 3 3 3 0 3 3 3 2 0 2 2 2 2 5 3 2 0 1 2 1 2 0 1 2 2 0 4 1 1 1 1 2 2 1 3 4 2 2 4 2 4 2 1 2 3 1 0 3 
0 0 0 0 2 4 0 0 2 0 0 3 2 2 5 1 1 3 4 2 1 2 1 3 4 1 3 1 1 5 0 3 2 1 2 5 2 3 0 3 4 2 2 3 1 1 1 4 3 2 2 4 2 1 1 3 4 3 3 0 3 4 3 3 0 2 2 2 2 5 3 3 1 1 2 1 3 0 1 2 2 1 4 1 1 1 1 3 2 1 3 3 4 2 4 2 4 1 1 3 3 1 0 3 
0 0 0 0 2 4 0 0 2 0 0 3 2 2 5 1 1 3 4 2 1 2 1 3 4 1 3 1 1 5 0 3 2 1 2 5 2 3 0 3 4 2 2 3 1 1 1 4 3 2 2 4 2 1 1 3 3 3 3 0 3 4 3 3 0 2 2 2 2 5 3 3 1 1 2 1 3 0 1 2 2 1 4 1 1 1 1 3 2 1 2 3 4 2 4 2 4 1 1 3 3 1 0 3 
